{"nbformat":4,"nbformat_minor":0,"metadata":{"colab":{"provenance":[]},"kernelspec":{"name":"python3","display_name":"Python 3"},"language_info":{"name":"python"}},"cells":[{"cell_type":"markdown","source":["## Ant Colony Optimizer"],"metadata":{"id":"PASFQqacbZl5"}},{"cell_type":"code","execution_count":null,"metadata":{"colab":{"base_uri":"https://localhost:8080/"},"collapsed":true,"id":"akJ_MhcjbLMY","executionInfo":{"status":"ok","timestamp":1747064468448,"user_tz":-180,"elapsed":20,"user":{"displayName":"Fatma Atta","userId":"08767045983748334736"}},"outputId":"db4e96f5-f3fb-4ee5-987b-2d479cb93034"},"outputs":[{"output_type":"stream","name":"stdout","text":["[[ 0 16 24 41 18 39 35 14 44 30 26 42 30 17 28  8 35 32 42 24]\n"," [16  0 21 32  9 28 27 25 13 25 21 22 33 43 25 12 12 29 26 17]\n"," [24 21  0 27 18 33 33 20 28 43 28 29  7 21  9 19 19 31 45 34]\n"," [41 32 27  0 32 27 27 35 19 30 23 16 30 30  9 26 29 24 45 18]\n"," [18  9 18 32  0 32 25 22 35 41 25 21 35 18 17 27 28 22 24 21]\n"," [39 28 33 27 32  0  9 16 27 38 19 32 37 48 23 18 37 48 30 18]\n"," [35 27 33 27 25  9  0 15 25 25 32 17 35 43  8 27 19 36 37 41]\n"," [14 25 20 35 22 16 15  0 18 12 40 34 21 29 45 34 39 29 31 39]\n"," [44 13 28 19 35 27 25 18  0 22 17 45 25 36 25 29 37 37 29 24]\n"," [30 25 43 30 41 38 25 12 22  0 19 22 24 23 19 12 33 34 10 18]\n"," [26 21 28 23 25 19 32 40 17 19  0 24 22 27 11 15 42 29 37 46]\n"," [42 22 29 16 21 32 17 34 45 22 24  0 45 29 13 23 37 29 37 23]\n"," [30 33  7 30 35 37 35 21 25 24 22 45  0 29 33 24  9 32 27 33]\n"," [17 43 21 30 18 48 43 29 36 23 27 29 29  0 31 30 33 20 15 42]\n"," [28 25  9  9 17 23  8 45 25 19 11 13 33 31  0 34 39 12 14 37]\n"," [ 8 12 19 26 27 18 27 34 29 12 15 23 24 30 34  0 28 15 36 40]\n"," [35 12 19 29 28 37 19 39 37 33 42 37  9 33 39 28  0 29  7 41]\n"," [32 29 31 24 22 48 36 29 37 34 29 29 32 20 12 15 29  0 21 15]\n"," [42 26 45 45 24 30 37 31 29 10 37 37 27 15 14 36  7 21  0 32]\n"," [24 17 34 18 21 18 41 39 24 18 46 23 33 42 37 40 41 15 32  0]]\n","[[0 0 0 0 0 0 0 0 0 0 0 0 0 0 0 0 0 0 0 0]\n"," [0 0 0 0 0 0 0 0 0 0 0 0 0 0 0 0 0 0 0 0]\n"," [0 0 0 0 0 0 0 0 0 0 0 0 0 0 0 0 0 0 0 0]\n"," [0 0 0 0 0 0 0 0 0 0 0 0 0 0 0 0 0 0 0 0]\n"," [0 0 0 0 0 0 0 0 0 0 0 0 0 0 0 0 0 0 0 0]\n"," [0 0 0 0 0 0 0 0 0 0 0 0 0 0 0 0 0 0 0 0]\n"," [0 0 0 0 0 0 0 0 0 0 0 0 0 0 0 0 0 0 0 0]\n"," [0 0 0 0 0 0 0 0 0 0 0 0 0 0 0 0 0 0 0 0]\n"," [0 0 0 0 0 0 0 0 0 0 0 0 0 0 0 0 0 0 0 0]\n"," [0 0 0 0 0 0 0 0 0 0 0 0 0 0 0 0 0 0 0 0]\n"," [0 0 0 0 0 0 0 0 0 0 0 0 0 0 0 0 0 0 0 0]\n"," [0 0 0 0 0 0 0 0 0 0 0 0 0 0 0 0 0 0 0 0]\n"," [0 0 0 0 0 0 0 0 0 0 0 0 0 0 0 0 0 0 0 0]\n"," [0 0 0 0 0 0 0 0 0 0 0 0 0 0 0 0 0 0 0 0]\n"," [0 0 0 0 0 0 0 0 0 0 0 0 0 0 0 0 0 0 0 0]\n"," [0 0 0 0 0 0 0 0 0 0 0 0 0 0 0 0 0 0 0 0]\n"," [0 0 0 0 0 0 0 0 0 0 0 0 0 0 0 0 0 0 0 0]\n"," [0 0 0 0 0 0 0 0 0 0 0 0 0 0 0 0 0 0 0 0]\n"," [0 0 0 0 0 0 0 0 0 0 0 0 0 0 0 0 0 0 0 0]\n"," [0 0 0 0 0 0 0 0 0 0 0 0 0 0 0 0 0 0 0 0]]\n"]},{"output_type":"execute_result","data":{"text/plain":["array([[0, 0, 0, 0, 0, 0, 0, 0, 0, 0, 0, 0, 0, 0, 0, 0, 0, 0, 0, 0],\n","       [0, 0, 0, 0, 0, 0, 0, 0, 0, 0, 0, 0, 0, 0, 0, 0, 0, 0, 0, 0],\n","       [0, 0, 0, 0, 0, 0, 0, 0, 0, 0, 0, 0, 0, 0, 0, 0, 0, 0, 0, 0],\n","       [0, 0, 0, 0, 0, 0, 0, 0, 0, 0, 0, 0, 0, 0, 0, 0, 0, 0, 0, 0],\n","       [0, 0, 0, 0, 0, 0, 0, 0, 0, 0, 0, 0, 0, 0, 0, 0, 0, 0, 0, 0],\n","       [0, 0, 0, 0, 0, 0, 0, 0, 0, 0, 0, 0, 0, 0, 0, 0, 0, 0, 0, 0],\n","       [0, 0, 0, 0, 0, 0, 0, 0, 0, 0, 0, 0, 0, 0, 0, 0, 0, 0, 0, 0],\n","       [0, 0, 0, 0, 0, 0, 0, 0, 0, 0, 0, 0, 0, 0, 0, 0, 0, 0, 0, 0],\n","       [0, 0, 0, 0, 0, 0, 0, 0, 0, 0, 0, 0, 0, 0, 0, 0, 0, 0, 0, 0],\n","       [0, 0, 0, 0, 0, 0, 0, 0, 0, 0, 0, 0, 0, 0, 0, 0, 0, 0, 0, 0],\n","       [0, 0, 0, 0, 0, 0, 0, 0, 0, 0, 0, 0, 0, 0, 0, 0, 0, 0, 0, 0],\n","       [0, 0, 0, 0, 0, 0, 0, 0, 0, 0, 0, 0, 0, 0, 0, 0, 0, 0, 0, 0],\n","       [0, 0, 0, 0, 0, 0, 0, 0, 0, 0, 0, 0, 0, 0, 0, 0, 0, 0, 0, 0],\n","       [0, 0, 0, 0, 0, 0, 0, 0, 0, 0, 0, 0, 0, 0, 0, 0, 0, 0, 0, 0],\n","       [0, 0, 0, 0, 0, 0, 0, 0, 0, 0, 0, 0, 0, 0, 0, 0, 0, 0, 0, 0],\n","       [0, 0, 0, 0, 0, 0, 0, 0, 0, 0, 0, 0, 0, 0, 0, 0, 0, 0, 0, 0],\n","       [0, 0, 0, 0, 0, 0, 0, 0, 0, 0, 0, 0, 0, 0, 0, 0, 0, 0, 0, 0],\n","       [0, 0, 0, 0, 0, 0, 0, 0, 0, 0, 0, 0, 0, 0, 0, 0, 0, 0, 0, 0],\n","       [0, 0, 0, 0, 0, 0, 0, 0, 0, 0, 0, 0, 0, 0, 0, 0, 0, 0, 0, 0],\n","       [0, 0, 0, 0, 0, 0, 0, 0, 0, 0, 0, 0, 0, 0, 0, 0, 0, 0, 0, 0]])"]},"metadata":{},"execution_count":14}],"source":["import random\n","import numpy as np\n","def generateDistances(n_cities):\n","  cities = np.random.randint(3,51, size=(n_cities,n_cities))\n","  cities = (cities + cities.T)//2\n","  np.fill_diagonal(cities, 0)\n","  print(cities)\n","  return cities\n","def generatePheromones(n_cities):\n","  pheromones = np.zeros((n_cities,n_cities), dtype=int)\n","  print(pheromones)\n","  return pheromones\n","generateDistances(20)\n","generatePheromones(20)"]},{"cell_type":"markdown","source":["run on cities with diff # of ants, 1, 5, 10, 20\n","number of ants wont change in a run\n","a run consists of 50 iterations\n","each iteration is a full loop from start and back"],"metadata":{"id":"IauxF0LPIcpL"}},{"cell_type":"code","source":["def calc_probability(cur)"],"metadata":{"id":"VP_otOoaect3"},"execution_count":null,"outputs":[]},{"cell_type":"code","source":["def move(current_city, cities, pheromones):\n","  min_cost = 0\n","  for i in range(cities.shape([0])):\n","\n","    #calc th ecost using the formula\n","\n","\n","    path_cost = cities[current_city][i]\n","    if min_path == 0:\n","      min_path = path_cost\n","    else:\n","      if path_cost < min_path:\n","        min_path = path_cost"],"metadata":{"id":"hBM4fAoyVo7g"},"execution_count":null,"outputs":[]},{"cell_type":"code","source":["def start_end(cities, n_ant, pheromones):\n","  start_pos = (0,0)\n","  visited_cities=[0]\n","  current_city= (0,0)\n","  total_cost = 0\n","  while current_city != start_pos\n","    next_city = move(current_city,visited_cities, cities, pheromones)\n","    total_cost += cities[current_city][next_city]\n","    visited_cities.append(next_city)\n","    current_city = next_city\n","\n","  total_cost += cities[current_city][start_pos]\n","  visited_cities.append(start_pos)\n","\n","  return visited_cities, total_cost"],"metadata":{"id":"oAnWP8RVPwCa"},"execution_count":null,"outputs":[]},{"cell_type":"code","source":["def run(n_cities, n_ant, evaporation_rate):\n","  distances = generateDistances(n_cities)\n","  pheromones = generatePheromones(n_cities)\n","  # visited_cities=[]\n","  current_city= (0,0)\n","  min_path = 0\n","  optimum_path=[]\n","  for i in range(50): #from start to finish\n","    visited_cities, path_cost = start_end(distances, n_ant, pheromones)\n","\n","\n","\n","\n","\n","    if min_path == 0:\n","      min_path = path_cost\n","    else:\n","      if path_cost < min_path:\n","        min_path = path_cost\n","        optimum_path = visited_cities\n"],"metadata":{"id":"Dd0Y4CcI4e4w"},"execution_count":null,"outputs":[]}]}